A=[1,3,5;
    2,4,6]
B=[-2,4;
    3,8;
    12,-2]
A*B
B*A