A = [12, 4;
    3, -5]
B = [2, 12;
    0, 0]
A * B
B * A